1 0.21739130434782608 0.8483870967741935 0.21557971014492755 0.8516129032258064 0.213768115942029 0.8516129032258064 0.21195652173913043 0.8548387096774194 0.2028985507246377 0.8548387096774194 0.20108695652173914 0.8580645161290322 0.19746376811594202 0.8580645161290322 0.1956521739130435 0.8612903225806452 0.19384057971014493 0.8612903225806452 0.19202898550724637 0.864516129032258 0.18297101449275363 0.864516129032258 0.18115942028985507 0.867741935483871 0.17572463768115942 0.867741935483871 0.17391304347826086 0.8709677419354839 0.17028985507246377 0.8709677419354839 0.16847826086956522 0.8741935483870967 0.17028985507246377 0.8774193548387097 0.17028985507246377 0.8870967741935484 0.17210144927536233 0.8903225806451613 0.17210144927536233 0.8935483870967742 0.17391304347826086 0.896774193548387 0.17391304347826086 0.9096774193548387 0.17572463768115942 0.9129032258064516 0.17572463768115942 0.9258064516129032 0.17753623188405798 0.9258064516129032 0.1793478260869565 0.9290322580645162 0.1793478260869565 0.9451612903225807 0.18115942028985507 0.9483870967741935 0.18115942028985507 0.9612903225806452 0.1847826086956522 0.967741935483871 0.1847826086956522 0.9838709677419355 0.18659420289855072 0.9870967741935484 0.18659420289855072 0.9967741935483871 0.24818840579710144 0.9967741935483871 0.2463768115942029 0.9935483870967742 0.2463768115942029 0.9838709677419355 0.24456521739130435 0.9806451612903225 0.24456521739130435 0.9580645161290322 0.2427536231884058 0.9548387096774194 0.2427536231884058 0.9419354838709677 0.24094202898550726 0.9387096774193548 0.24094202898550726 0.9225806451612903 0.2391304347826087 0.9193548387096774 0.2391304347826087 0.9129032258064516 0.23731884057971014 0.9096774193548387 0.23731884057971014 0.9032258064516129 0.23550724637681159 0.9 0.23550724637681159 0.896774193548387 0.23369565217391305 0.8935483870967742 0.23369565217391305 0.8870967741935484 0.2318840579710145 0.8838709677419355 0.2318840579710145 0.8806451612903226 0.23007246376811594 0.8774193548387097 0.23007246376811594 0.867741935483871 0.2282608695652174 0.864516129032258 0.2282608695652174 0.8548387096774194 0.22644927536231885 0.8516129032258064 0.22644927536231885 0.8483870967741935
1 0.519927536231884 0.5129032258064516 0.5163043478260869 0.5193548387096775 0.5144927536231884 0.5193548387096775 0.5126811594202899 0.5225806451612903 0.5108695652173914 0.5225806451612903 0.5072463768115942 0.5290322580645161 0.5054347826086957 0.5290322580645161 0.5018115942028986 0.535483870967742 0.5 0.535483870967742 0.4963768115942029 0.5419354838709678 0.4945652173913044 0.5419354838709678 0.49094202898550726 0.5483870967741935 0.4891304347826087 0.5483870967741935 0.4855072463768116 0.5548387096774193 0.483695652173913 0.5548387096774193 0.4818840579710145 0.5580645161290323 0.4818840579710145 0.5612903225806452 0.4855072463768116 0.5612903225806452 0.48731884057971014 0.5580645161290323 0.4891304347826087 0.5580645161290323 0.49094202898550726 0.5612903225806452 0.4945652173913044 0.5612903225806452 0.4963768115942029 0.5645161290322581 0.49818840579710144 0.5612903225806452 0.5 0.5612903225806452 0.5036231884057971 0.5548387096774193 0.5054347826086957 0.5548387096774193 0.5090579710144928 0.5483870967741935 0.5108695652173914 0.5483870967741935 0.5126811594202899 0.5451612903225806 0.5144927536231884 0.5451612903225806 0.5181159420289855 0.5387096774193548 0.519927536231884 0.5387096774193548 0.5235507246376812 0.532258064516129 0.5253623188405797 0.532258064516129 0.5289855072463768 0.5258064516129032 0.5307971014492754 0.5258064516129032 0.5289855072463768 0.5225806451612903 0.5289855072463768 0.5193548387096775 0.5271739130434783 0.5193548387096775 0.5253623188405797 0.5161290322580645 0.5253623188405797 0.5129032258064516
1 0.4891304347826087 0.5580645161290323 0.49094202898550726 0.5548387096774193 0.4927536231884058 0.5548387096774193 0.4945652173913044 0.5580645161290323 0.4927536231884058 0.5612903225806452 0.49094202898550726 0.5612903225806452
1 0.4927536231884058 0.5548387096774193 0.4945652173913044 0.5516129032258065 0.4963768115942029 0.5548387096774193 0.4945652173913044 0.5580645161290323
1 0.4945652173913044 0.5516129032258065 0.4963768115942029 0.5483870967741935 0.49818840579710144 0.5483870967741935 0.5 0.5516129032258065 0.49818840579710144 0.5548387096774193 0.4963768115942029 0.5548387096774193
1 0.49818840579710144 0.5483870967741935 0.5 0.5451612903225806 0.5018115942028986 0.5483870967741935 0.5 0.5516129032258065
1 0.5 0.5451612903225806 0.5018115942028986 0.5419354838709678 0.5036231884057971 0.5419354838709678 0.5054347826086957 0.5451612903225806 0.5036231884057971 0.5483870967741935 0.5018115942028986 0.5483870967741935
1 0.5072463768115942 0.535483870967742 0.5090579710144928 0.535483870967742 0.5108695652173914 0.5387096774193548 0.5072463768115942 0.5451612903225806 0.5054347826086957 0.5451612903225806 0.5036231884057971 0.5419354838709678
1 0.5126811594202899 0.5290322580645161 0.5144927536231884 0.5290322580645161 0.5163043478260869 0.532258064516129 0.5126811594202899 0.5387096774193548 0.5108695652173914 0.5387096774193548 0.5090579710144928 0.535483870967742
1 0.5181159420289855 0.5225806451612903 0.519927536231884 0.5225806451612903 0.5217391304347826 0.5258064516129032 0.5181159420289855 0.532258064516129 0.5163043478260869 0.532258064516129 0.5144927536231884 0.5290322580645161
1 0.519927536231884 0.5225806451612903 0.5217391304347826 0.5193548387096775 0.5235507246376812 0.5193548387096775 0.5253623188405797 0.5225806451612903 0.5235507246376812 0.5258064516129032 0.5217391304347826 0.5258064516129032
1 0.5235507246376812 0.5193548387096775 0.5253623188405797 0.5161290322580645 0.5271739130434783 0.5193548387096775 0.5253623188405797 0.5225806451612903
1 0.49818840579710144 0.4290322580645161 0.49818840579710144 0.44516129032258067 0.4963768115942029 0.4483870967741935 0.4963768115942029 0.45161290322580644 0.49094202898550726 0.4612903225806452 0.48731884057971014 0.4612903225806452 0.4855072463768116 0.4645161290322581 0.4855072463768116 0.47419354838709676 0.483695652173913 0.4774193548387097 0.4855072463768116 0.4806451612903226 0.4855072463768116 0.4838709677419355 0.483695652173913 0.4870967741935484 0.483695652173913 0.49032258064516127 0.4818840579710145 0.4935483870967742 0.4855072463768116 0.4870967741935484 0.48731884057971014 0.4870967741935484 0.4891304347826087 0.4838709677419355 0.49094202898550726 0.4838709677419355 0.4945652173913044 0.4774193548387097 0.4963768115942029 0.4774193548387097 0.5 0.47096774193548385 0.5018115942028986 0.47096774193548385 0.5054347826086957 0.4645161290322581 0.5072463768115942 0.4645161290322581 0.5108695652173914 0.45806451612903226 0.5126811594202899 0.45806451612903226 0.5163043478260869 0.45161290322580644 0.5181159420289855 0.45161290322580644 0.5217391304347826 0.44516129032258067 0.5235507246376812 0.44516129032258067 0.5253623188405797 0.44193548387096776 0.5253623188405797 0.43548387096774194 0.5126811594202899 0.43548387096774194 0.5108695652173914 0.432258064516129 0.5 0.432258064516129
