1 0.7436594202898551 0.6290322580645161 0.08876811594202899 0.14193548387096774
1 0.6259057971014493 0.07741935483870968 0.08152173913043478 0.15483870967741936
1 0.33695652173913043 0.9258064516129032 0.10144927536231885 0.14193548387096774
1 0.842391304347826 0.8338709677419355 0.05434782608695652 0.12580645161290321
1 0.7590579710144928 0.11129032258064517 0.07608695652173914 0.12580645161290321
1 0.5860507246376812 0.7967741935483871 0.05253623188405797 0.13548387096774195
1 0.9365942028985508 0.8951612903225806 0.12318840579710146 0.2032258064516129
1 0.5498188405797102 0.054838709677419356 0.06702898550724638 0.10967741935483871
1 0.7454710144927537 0.8354838709677419 0.06702898550724638 0.12258064516129032
1 0.12318840579710146 0.17580645161290323 0.06521739130434782 0.14516129032258066
