1 0.24365942028985507 0.1935483870967742 0.05615942028985507 0.12903225806451613
1 0.14855072463768115 0.6741935483870968 0.08333333333333333 0.10967741935483871
1 0.5163043478260869 0.5016129032258064 0.03260869565217391 0.1
1 0.27898550724637683 0.38548387096774195 0.050724637681159424 0.1
1 0.657608695652174 0.667741935483871 0.07246376811594203 0.13548387096774195
1 0.35597826086956524 0.6612903225806451 0.05253623188405797 0.10967741935483871
1 0.266304347826087 0.6806451612903226 0.09420289855072464 0.13548387096774195
1 0.07880434782608696 0.5516129032258065 0.08152173913043478 0.10967741935483871
1 0.0769927536231884 0.3258064516129032 0.07789855072463768 0.10967741935483871
1 0.23460144927536233 0.33548387096774196 0.08514492753623189 0.14193548387096774
