1 0.9121376811594203 0.8370967741935483 0.04528985507246377 0.12580645161290321
1 0.10869565217391304 0.7725806451612903 0.043478260869565216 0.02903225806451613
1 0.35597826086956524 0.2725806451612903 0.059782608695652176 0.12580645161290321
1 0.6476449275362319 0.5629032258064516 0.08876811594202899 0.15161290322580645
1 0.9402173913043478 0.8548387096774194 0.07246376811594203 0.14838709677419354
1 0.7445652173913043 0.6806451612903226 0.06521739130434782 0.0967741935483871
1 0.7001811594202899 0.12419354838709677 0.012681159420289856 0.035483870967741936
1 0.13858695652173914 0.2967741935483871 0.1141304347826087 0.2645161290322581
1 0.36231884057971014 0.2129032258064516 0.06159420289855073 0.1032258064516129
1 0.035326086956521736 0.41935483870967744 0.07065217391304347 0.10967741935483871
