1 0.6875 0.9274193548387096 0.04528985507246377 0.07419354838709677
1 0.957427536231884 0.9032258064516129 0.05253623188405797 0.12258064516129032
1 0.713768115942029 0.8612903225806452 0.050724637681159424 0.05806451612903226
1 0.401268115942029 0.22580645161290322 0.07427536231884058 0.12903225806451613
1 0.8414855072463768 0.34838709677419355 0.06340579710144928 0.14193548387096774
1 0.40307971014492755 0.7612903225806451 0.07789855072463768 0.12903225806451613
1 0.8994565217391305 0.25 0.07789855072463768 0.11290322580645161
1 0.7626811594202899 0.6790322580645162 0.09057971014492754 0.13870967741935483
1 0.13858695652173914 0.41935483870967744 0.08152173913043478 0.14193548387096774
1 0.15579710144927536 0.27903225806451615 0.05434782608695652 0.1064516129032258
