1 0.3596014492753623 0.3209677419354839 0.06702898550724638 0.14516129032258066
1 0.17572463768115942 0.4854838709677419 0.057971014492753624 0.13225806451612904
1 0.6811594202898551 0.9258064516129032 0.07246376811594203 0.14193548387096774
1 0.7771739130434783 0.14516129032258066 0.08333333333333333 0.14193548387096774
1 0.7336956521739131 0.4467741935483871 0.07971014492753624 0.14516129032258066
1 0.7019927536231884 0.11129032258064517 0.08152173913043478 0.15806451612903225
1 0.09782608695652174 0.9451612903225807 0.05434782608695652 0.1032258064516129
1 0.9592391304347826 0.21774193548387097 0.07789855072463768 0.14516129032258066
1 0.03894927536231884 0.4 0.07427536231884058 0.14838709677419354
1 0.1766304347826087 0.6887096774193548 0.07427536231884058 0.13870967741935483
