1 0.4157608695652174 0.45 0.06702898550724638 0.11935483870967742
1 0.5652173913043478 0.8370967741935483 0.07608695652173914 0.11290322580645161
1 0.19655797101449277 0.23548387096774193 0.06702898550724638 0.10967741935483871
1 0.6856884057971014 0.05967741935483871 0.06340579710144928 0.11935483870967742
1 0.5860507246376812 0.48870967741935484 0.06702898550724638 0.11935483870967742
1 0.7572463768115942 0.3919354838709677 0.050724637681159424 0.11290322580645161
1 0.907608695652174 0.3258064516129032 0.08333333333333333 0.15483870967741936
1 0.792572463768116 0.5870967741935483 0.08152173913043478 0.13548387096774195
1 0.44565217391304346 0.9306451612903226 0.06521739130434782 0.0935483870967742
1 0.7327898550724637 0.08548387096774193 0.08514492753623189 0.11935483870967742
