1 0.490036231884058 0.07741935483870968 0.06702898550724638 0.14838709677419354
1 0.37771739130434784 0.47419354838709676 0.05615942028985507 0.13548387096774195
1 0.3269927536231884 0.4806451612903226 0.09601449275362318 0.11612903225806452
1 0.8351449275362319 0.7241935483870968 0.028985507246376812 0.12580645161290321
1 0.8632246376811594 0.06129032258064516 0.08876811594202899 0.11612903225806452
1 0.3867753623188406 0.12741935483870967 0.06702898550724638 0.11935483870967742
1 0.8007246376811594 0.5629032258064516 0.11956521739130435 0.24838709677419354
1 0.7273550724637681 0.08225806451612903 0.06702898550724638 0.11935483870967742
1 0.6730072463768116 0.7725806451612903 0.06340579710144928 0.11290322580645161
1 0.6956521739130435 0.9032258064516129 0.08333333333333333 0.12258064516129032
