1 0.358695652173913 0.2854838709677419 0.06521739130434782 0.14516129032258066
1 0.259963768115942 0.3338709677419355 0.08876811594202899 0.13225806451612904
1 0.05615942028985507 0.45 0.08695652173913043 0.13225806451612904
1 0.7445652173913043 0.5951612903225807 0.05434782608695652 0.13870967741935483
1 0.161231884057971 0.6 0.07971014492753624 0.15483870967741936
1 0.28442028985507245 0.07258064516129033 0.06521739130434782 0.12580645161290321
1 0.2463768115942029 0.5016129032258064 0.07971014492753624 0.14516129032258066
1 0.9193840579710145 0.9274193548387096 0.07427536231884058 0.0935483870967742
1 0.9646739130434783 0.7016129032258065 0.06702898550724638 0.12580645161290321
1 0.08876811594202899 0.49032258064516127 0.06521739130434782 0.1032258064516129
