0 0.2807971014492754 0.7048387096774194 0.09420289855072464 0.15806451612903225
0 0.03170289855072464 0.36129032258064514 0.06340579710144928 0.0967741935483871
0 0.44655797101449274 0.3790322580645161 0.08876811594202899 0.16451612903225807
0 0.6385869565217391 0.8064516129032258 0.10326086956521739 0.15483870967741936
0 0.5480072463768116 0.15161290322580645 0.09963768115942029 0.23870967741935484
0 0.6077898550724637 0.4532258064516129 0.08876811594202899 0.08709677419354839
0 0.7934782608695652 0.6274193548387097 0.06521739130434782 0.13870967741935483
0 0.483695652173913 0.6790322580645162 0.09782608695652174 0.12580645161290321
0 0.957427536231884 0.4241935483870968 0.08152173913043478 0.17096774193548386
0 0.6032608695652174 0.36129032258064514 0.09057971014492754 0.18064516129032257
