0 0.9248188405797102 0.667741935483871 0.09963768115942029 0.15483870967741936
0 0.654891304347826 0.6129032258064516 0.09601449275362318 0.16129032258064516
0 0.7971014492753623 0.2629032258064516 0.08333333333333333 0.1774193548387097
0 0.38768115942028986 0.11774193548387096 0.07971014492753624 0.12580645161290321
0 0.7771739130434783 0.5290322580645161 0.08333333333333333 0.15483870967741936
0 0.44474637681159424 0.32903225806451614 0.08152173913043478 0.14838709677419354
0 0.49094202898550726 0.8258064516129032 0.08333333333333333 0.14193548387096774
0 0.4791666666666667 0.1064516129032258 0.08152173913043478 0.12903225806451613
0 0.5869565217391305 0.8225806451612904 0.10144927536231885 0.1935483870967742
0 0.1621376811594203 0.16129032258064516 0.07427536231884058 0.14838709677419354
