0 0.1956521739130435 0.7 0.10144927536231885 0.15483870967741936
0 0.6195652173913043 0.16451612903225807 0.05434782608695652 0.14193548387096774
0 0.10507246376811594 0.47580645161290325 0.050724637681159424 0.08064516129032258
0 0.09510869565217392 0.5274193548387097 0.07065217391304347 0.15806451612903225
0 0.9221014492753623 0.3403225806451613 0.06521739130434782 0.1
0 0.1766304347826087 0.5064516129032258 0.034420289855072464 0.05806451612903226
0 0.5027173913043478 0.4532258064516129 0.11775362318840579 0.23548387096774193
0 0.05344202898550725 0.917741935483871 0.09963768115942029 0.15806451612903225
0 0.026268115942028984 0.24193548387096775 0.02717391304347826 0.0967741935483871
0 0.7318840579710145 0.6080645161290322 0.06884057971014493 0.16451612903225807
