0 0.3740942028985507 0.7016129032258065 0.04891304347826087 0.11290322580645161
0 0.3858695652173913 0.26129032258064516 0.06521739130434782 0.11612903225806452
0 0.22282608695652173 0.7887096774193548 0.08695652173913043 0.13870967741935483
0 0.48278985507246375 0.22096774193548388 0.04891304347826087 0.06774193548387097
0 0.9193840579710145 0.1870967741935484 0.06340579710144928 0.11612903225806452
0 0.5688405797101449 0.8 0.05434782608695652 0.07096774193548387
0 0.4628623188405797 0.13870967741935483 0.1068840579710145 0.22580645161290322
0 0.30434782608695654 0.8370967741935483 0.07246376811594203 0.14516129032258066
0 0.5697463768115942 0.7467741935483871 0.08152173913043478 0.13225806451612904
0 0.605072463768116 0.41935483870967744 0.07246376811594203 0.13548387096774195
