0 0.7653985507246377 0.19193548387096773 0.05253623188405797 0.17096774193548386
0 0.13043478260869565 0.885483870967742 0.07608695652173914 0.15806451612903225
0 0.3976449275362319 0.5580645161290323 0.06702898550724638 0.15483870967741936
0 0.5190217391304348 0.6612903225806451 0.07789855072463768 0.14838709677419354
0 0.6005434782608696 0.22258064516129034 0.0923913043478261 0.18064516129032257
0 0.667572463768116 0.13870967741935483 0.09601449275362318 0.17419354838709677
0 0.5362318840579711 0.43870967741935485 0.07971014492753624 0.17419354838709677
0 0.21467391304347827 0.25806451612903225 0.07065217391304347 0.14838709677419354
0 0.5172101449275363 0.8209677419354838 0.06340579710144928 0.11935483870967742
0 0.963768115942029 0.5564516129032258 0.06884057971014493 0.1064516129032258
