0 0.7146739130434783 0.7935483870967742 0.1431159420289855 0.21935483870967742
0 0.3976449275362319 0.55 0.07789855072463768 0.12580645161290321
0 0.427536231884058 0.12903225806451613 0.10869565217391304 0.13548387096774195
0 0.0625 0.11612903225806452 0.06702898550724638 0.13548387096774195
0 0.7907608695652174 0.6483870967741936 0.06702898550724638 0.14193548387096774
0 0.24818840579710144 0.9145161290322581 0.018115942028985508 0.04838709677419355
0 0.5969202898550725 0.6935483870967742 0.07789855072463768 0.12258064516129032
0 0.5996376811594203 0.27903225806451615 0.09420289855072464 0.11290322580645161
0 0.8396739130434783 0.5564516129032258 0.07065217391304347 0.11290322580645161
0 0.7427536231884058 0.4870967741935484 0.07971014492753624 0.16129032258064516
