0 0.6494565217391305 0.7064516129032258 0.1105072463768116 0.2064516129032258
0 0.12409420289855072 0.4596774193548387 0.06702898550724638 0.11290322580645161
0 0.5217391304347826 0.17903225806451614 0.07971014492753624 0.13870967741935483
0 0.7527173913043478 0.932258064516129 0.08876811594202899 0.12903225806451613
0 0.33695652173913043 0.3016129032258065 0.050724637681159424 0.07419354838709677
0 0.8079710144927537 0.41774193548387095 0.10144927536231885 0.15161290322580645
0 0.08695652173913043 0.9306451612903226 0.10507246376811594 0.13225806451612904
0 0.4076086956521739 0.40483870967741936 0.057971014492753624 0.13870967741935483
0 0.615036231884058 0.27903225806451615 0.125 0.1774193548387097
0 0.5253623188405797 0.7790322580645161 0.06521739130434782 0.1
