0 0.7735507246376812 0.25967741935483873 0.08333333333333333 0.11290322580645161
0 0.08876811594202899 0.16129032258064516 0.07971014492753624 0.14193548387096774
0 0.6159420289855072 0.13548387096774195 0.10507246376811594 0.17419354838709677
0 0.7536231884057971 0.4096774193548387 0.050724637681159424 0.11612903225806452
0 0.19112318840579712 0.42096774193548386 0.07789855072463768 0.12580645161290321
0 0.23007246376811594 0.6725806451612903 0.08333333333333333 0.13225806451612904
0 0.20471014492753623 0.34838709677419355 0.08333333333333333 0.14193548387096774
0 0.769927536231884 0.07903225806451612 0.07971014492753624 0.13225806451612904
0 0.38134057971014496 0.31451612903225806 0.07789855072463768 0.12580645161290321
0 0.16485507246376813 0.6016129032258064 0.08333333333333333 0.17096774193548386
