0 0.401268115942029 0.9241935483870968 0.08876811594202899 0.14516129032258066
0 0.125 0.09193548387096774 0.13043478260869565 0.18387096774193548
0 0.8043478260869565 0.7645161290322581 0.07608695652173914 0.15483870967741936
0 0.6304347826086957 0.8870967741935484 0.12681159420289856 0.16774193548387098
0 0.22644927536231885 0.7741935483870968 0.05434782608695652 0.12258064516129032
0 0.43478260869565216 0.7564516129032258 0.10507246376811594 0.15806451612903225
0 0.6159420289855072 0.7790322580645161 0.08695652173913043 0.14516129032258066
0 0.03260869565217391 0.7677419354838709 0.06521739130434782 0.14838709677419354
0 0.7989130434782609 0.5096774193548387 0.11594202898550725 0.1935483870967742
0 0.654891304347826 0.2870967741935484 0.06340579710144928 0.13548387096774195
