0 0.7373188405797102 0.29193548387096774 0.08695652173913043 0.15806451612903225
0 0.365036231884058 0.7935483870967742 0.0923913043478261 0.1935483870967742
0 0.7771739130434783 0.8064516129032258 0.07608695652173914 0.14838709677419354
0 0.2753623188405797 0.267741935483871 0.08695652173913043 0.11612903225806452
0 0.2210144927536232 0.5774193548387097 0.07608695652173914 0.16129032258064516
0 0.4148550724637681 0.2887096774193548 0.06884057971014493 0.1
0 0.1068840579710145 0.2903225806451613 0.07971014492753624 0.12903225806451613
0 0.9057971014492754 0.1 0.09420289855072464 0.11612903225806452
0 0.4148550724637681 0.25 0.06521739130434782 0.1
0 0.09420289855072464 0.8806451612903226 0.10869565217391304 0.18064516129032257
