0 0.8795289855072463 0.8870967741935484 0.08876811594202899 0.13548387096774195
0 0.3278985507246377 0.12258064516129032 0.07608695652173914 0.16129032258064516
0 0.2653985507246377 0.8903225806451613 0.08152173913043478 0.0967741935483871
0 0.9130434782608696 0.21774193548387097 0.07246376811594203 0.14516129032258066
0 0.7472826086956522 0.4403225806451613 0.07065217391304347 0.13870967741935483
0 0.7554347826086957 0.6080645161290322 0.06521739130434782 0.1064516129032258
0 0.15489130434782608 0.8838709677419355 0.1068840579710145 0.15483870967741936
0 0.18659420289855072 0.6806451612903226 0.08333333333333333 0.13548387096774195
0 0.17028985507246377 0.5790322580645161 0.08333333333333333 0.11290322580645161
0 0.9420289855072463 0.10806451612903226 0.09057971014492754 0.15161290322580645
