0 0.10416666666666667 0.32741935483870965 0.0923913043478261 0.14516129032258066
0 0.4166666666666667 0.8370967741935483 0.050724637681159424 0.1064516129032258
0 0.38134057971014496 0.8241935483870968 0.1068840579710145 0.16451612903225807
0 0.25634057971014496 0.7225806451612903 0.0923913043478261 0.10967741935483871
0 0.5036231884057971 0.8887096774193548 0.06159420289855073 0.15806451612903225
0 0.4682971014492754 0.9 0.08152173913043478 0.1870967741935484
0 0.3378623188405797 0.41451612903225804 0.0923913043478261 0.15161290322580645
0 0.9057971014492754 0.22258064516129034 0.057971014492753624 0.10967741935483871
0 0.7554347826086957 0.5790322580645161 0.09057971014492754 0.15806451612903225
0 0.7590579710144928 0.22741935483870968 0.07971014492753624 0.14516129032258066
