0 0.9284420289855072 0.36612903225806454 0.1141304347826087 0.17096774193548386
0 0.6766304347826088 0.9419354838709677 0.07789855072463768 0.10967741935483871
0 0.13043478260869565 0.41935483870967744 0.09057971014492754 0.1870967741935484
0 0.8034420289855072 0.2725806451612903 0.08152173913043478 0.1774193548387097
0 0.8903985507246377 0.12580645161290321 0.08514492753623189 0.15483870967741936
0 0.5280797101449275 0.9354838709677419 0.07065217391304347 0.12258064516129032
0 0.08876811594202899 0.5758064516129032 0.08695652173913043 0.15806451612903225
0 0.6748188405797102 0.3096774193548387 0.09963768115942029 0.14838709677419354
0 0.46920289855072467 0.18387096774193548 0.08333333333333333 0.1870967741935484
0 0.8804347826086957 0.08387096774193549 0.09420289855072464 0.16774193548387098
