0 0.47282608695652173 0.11290322580645161 0.08333333333333333 0.11612903225806452
0 0.7083333333333334 0.2629032258064516 0.08333333333333333 0.11935483870967742
0 0.8623188405797102 0.5919354838709677 0.13405797101449277 0.24193548387096775
0 0.16485507246376813 0.5048387096774194 0.07971014492753624 0.14516129032258066
0 0.4782608695652174 0.6758064516129032 0.08333333333333333 0.17096774193548386
0 0.8360507246376812 0.3161290322580645 0.07789855072463768 0.17419354838709677
0 0.38858695652173914 0.5112903225806451 0.1068840579710145 0.13225806451612904
0 0.6413043478260869 0.07580645161290323 0.07608695652173914 0.14516129032258066
0 0.6476449275362319 0.5919354838709677 0.08514492753623189 0.13870967741935483
0 0.5561594202898551 0.8629032258064516 0.09057971014492754 0.15161290322580645
