0 0.39311594202898553 0.75 0.09782608695652174 0.16451612903225807
0 0.5498188405797102 0.41935483870967744 0.07789855072463768 0.15483870967741936
0 0.453804347826087 0.714516129032258 0.0923913043478261 0.13225806451612904
0 0.588768115942029 0.6629032258064516 0.09420289855072464 0.15806451612903225
0 0.08876811594202899 0.7193548387096774 0.09782608695652174 0.14193548387096774
0 0.31068840579710144 0.5693548387096774 0.07427536231884058 0.11935483870967742
0 0.6123188405797102 0.8048387096774193 0.07608695652173914 0.15161290322580645
0 0.12590579710144928 0.1 0.08152173913043478 0.15483870967741936
0 0.9202898550724637 0.6806451612903226 0.10144927536231885 0.12903225806451613
0 0.9528985507246377 0.8241935483870968 0.09057971014492754 0.18387096774193548
