0 0.8695652173913043 0.9258064516129032 0.09420289855072464 0.11612903225806452
0 0.20652173913043478 0.5983870967741935 0.050724637681159424 0.054838709677419356
0 0.8976449275362319 0.5919354838709677 0.09963768115942029 0.17096774193548386
0 0.7318840579710145 0.3629032258064516 0.08695652173913043 0.16451612903225807
0 0.17391304347826086 0.5161290322580645 0.10869565217391304 0.2
0 0.47101449275362317 0.4935483870967742 0.11594202898550725 0.17419354838709677
0 0.050724637681159424 0.6580645161290323 0.10144927536231885 0.23870967741935484
0 0.8460144927536232 0.47096774193548385 0.07246376811594203 0.0967741935483871
0 0.03985507246376812 0.8661290322580645 0.07608695652173914 0.13870967741935483
0 0.8061594202898551 0.7709677419354839 0.10144927536231885 0.15483870967741936
