0 0.6567028985507246 0.3209677419354839 0.07789855072463768 0.1
0 0.5163043478260869 0.6790322580645162 0.08333333333333333 0.13870967741935483
0 0.48641304347826086 0.38387096774193546 0.07065217391304347 0.11612903225806452
0 0.3967391304347826 0.7532258064516129 0.07608695652173914 0.11290322580645161
0 0.7092391304347826 0.7903225806451613 0.07789855072463768 0.1032258064516129
0 0.8831521739130435 0.7774193548387097 0.05253623188405797 0.11612903225806452
0 0.8713768115942029 0.9467741935483871 0.07246376811594203 0.1
0 0.5769927536231884 0.3370967741935484 0.07427536231884058 0.11935483870967742
0 0.14583333333333334 0.20806451612903226 0.07789855072463768 0.15806451612903225
0 0.25634057971014496 0.43548387096774194 0.06340579710144928 0.12903225806451613
