0 0.7961956521739131 0.3161290322580645 0.06702898550724638 0.15483870967741936
0 0.8713768115942029 0.36774193548387096 0.13043478260869565 0.24516129032258063
0 0.259963768115942 0.9193548387096774 0.07065217391304347 0.14193548387096774
0 0.5190217391304348 0.12419354838709677 0.08876811594202899 0.14516129032258066
0 0.2753623188405797 0.8064516129032258 0.028985507246376812 0.09032258064516129
0 0.49818840579710144 0.2403225806451613 0.07608695652173914 0.12580645161290321
0 0.10416666666666667 0.7354838709677419 0.04891304347826087 0.05806451612903226
0 0.5878623188405797 0.6983870967741935 0.08514492753623189 0.11935483870967742
0 0.28804347826086957 0.43870967741935485 0.07608695652173914 0.14193548387096774
0 0.8342391304347826 0.5661290322580645 0.06340579710144928 0.13870967741935483
