0 0.4601449275362319 0.8887096774193548 0.06521739130434782 0.15161290322580645
0 0.06793478260869565 0.2661290322580645 0.08514492753623189 0.12580645161290321
0 0.6630434782608696 0.5919354838709677 0.06521739130434782 0.15806451612903225
0 0.592391304347826 0.49032258064516127 0.06159420289855073 0.1032258064516129
0 0.39855072463768115 0.06774193548387097 0.06159420289855073 0.13548387096774195
0 0.33605072463768115 0.0967741935483871 0.02355072463768116 0.04516129032258064
0 0.5742753623188406 0.42096774193548386 0.07971014492753624 0.11290322580645161
0 0.453804347826087 0.7080645161290322 0.07789855072463768 0.15806451612903225
0 0.7346014492753623 0.932258064516129 0.07065217391304347 0.12903225806451613
0 0.865036231884058 0.9419354838709677 0.08152173913043478 0.10967741935483871
