0 0.7563405797101449 0.8161290322580645 0.08514492753623189 0.10967741935483871
0 0.7454710144927537 0.9387096774193548 0.06340579710144928 0.11612903225806452
0 0.9402173913043478 0.3758064516129032 0.07971014492753624 0.11935483870967742
0 0.2210144927536232 0.8887096774193548 0.018115942028985508 0.02258064516129032
0 0.8922101449275363 0.9467741935483871 0.08876811594202899 0.1
0 0.5317028985507246 0.317741935483871 0.07065217391304347 0.14516129032258066
0 0.9085144927536232 0.8790322580645161 0.0923913043478261 0.13225806451612904
0 0.7590579710144928 0.9064516129032258 0.06159420289855073 0.12903225806451613
0 0.18840579710144928 0.632258064516129 0.043478260869565216 0.03870967741935484
0 0.7047101449275363 0.41774193548387095 0.08695652173913043 0.11290322580645161
