0 0.3695652173913044 0.5403225806451613 0.09057971014492754 0.11935483870967742
0 0.12228260869565218 0.817741935483871 0.08514492753623189 0.11935483870967742
0 0.5371376811594203 0.18225806451612903 0.05615942028985507 0.1
0 0.27717391304347827 0.41774193548387095 0.08333333333333333 0.15806451612903225
0 0.13949275362318841 0.3564516129032258 0.07246376811594203 0.1064516129032258
0 0.8577898550724637 0.36129032258064514 0.08152173913043478 0.11612903225806452
0 0.7219202898550725 0.5596774193548387 0.06702898550724638 0.14516129032258066
0 0.9211956521739131 0.33225806451612905 0.07065217391304347 0.13548387096774195
0 0.22192028985507248 0.07741935483870968 0.07789855072463768 0.12258064516129032
0 0.5 0.9403225806451613 0.08695652173913043 0.11290322580645161
