0 0.6195652173913043 0.9403225806451613 0.07971014492753624 0.11290322580645161
0 0.35597826086956524 0.7387096774193549 0.06340579710144928 0.14193548387096774
0 0.6458333333333334 0.717741935483871 0.07789855072463768 0.14516129032258066
0 0.8125 0.5467741935483871 0.06340579710144928 0.13870967741935483
0 0.23550724637681159 0.2532258064516129 0.05434782608695652 0.1
0 0.5661231884057971 0.65 0.06340579710144928 0.14516129032258066
0 0.6530797101449275 0.3967741935483871 0.07427536231884058 0.10967741935483871
0 0.7083333333333334 0.9145161290322581 0.06521739130434782 0.1064516129032258
0 0.33061594202898553 0.47096774193548385 0.06702898550724638 0.15483870967741936
0 0.5018115942028986 0.06451612903225806 0.07246376811594203 0.12903225806451613
