0 0.4302536231884058 0.6 0.07789855072463768 0.11612903225806452
0 0.7155797101449275 0.8370967741935483 0.08695652173913043 0.15806451612903225
0 0.25905797101449274 0.8387096774193549 0.04710144927536232 0.08387096774193549
0 0.7146739130434783 0.4774193548387097 0.07065217391304347 0.11612903225806452
0 0.4384057971014493 0.21451612903225806 0.07608695652173914 0.14516129032258066
0 0.31431159420289856 0.4112903225806452 0.07065217391304347 0.14516129032258066
0 0.3070652173913044 0.15645161290322582 0.07427536231884058 0.13870967741935483
0 0.21829710144927536 0.7467741935483871 0.08876811594202899 0.13870967741935483
0 0.19021739130434784 0.9451612903225807 0.07246376811594203 0.0967741935483871
0 0.8994565217391305 0.5645161290322581 0.08152173913043478 0.11612903225806452
