0 0.259963768115942 0.9467741935483871 0.06702898550724638 0.1
0 0.8940217391304348 0.5935483870967742 0.05615942028985507 0.08387096774193549
0 0.10144927536231885 0.7887096774193548 0.07608695652173914 0.11935483870967742
0 0.2028985507246377 0.8951612903225806 0.07608695652173914 0.11290322580645161
0 0.18840579710144928 0.6516129032258065 0.07608695652173914 0.14838709677419354
0 0.17391304347826086 0.7790322580645161 0.06159420289855073 0.1
0 0.38858695652173914 0.5435483870967742 0.07427536231884058 0.14516129032258066
0 0.5806159420289855 0.603225806451613 0.05253623188405797 0.11612903225806452
0 0.8143115942028986 0.6629032258064516 0.06702898550724638 0.11935483870967742
0 0.328804347826087 0.5774193548387097 0.06340579710144928 0.14193548387096774
